40 40
0000000000000000000000000000000000000000
0000000000001111111111110000000000000000
0000000001111000000000011111000000000000
0000000110000000000000000000111000000000
0000001000000000000000000000001110000000
0000010000000000000000000000000011000000
0000100000000000000000000000000001000000
0000100000000000000000000000000000110000
0001000000000000000000000000000000011000
0001000000000000000000000000000000001000
0010000000000000000000000000000000000100
0010000000000000000000000000000000000100
0010000000000000000000000000000000000110
0010000000000000000000000000000000000010
0010000000000000000000000000000000000010
0010000000000000000000000000000000000010
0010000000000000000000000000000000000110
0010000000000000000000000000000000000100
0010000000000000000000000000000000000100
0010000000000000000000000000000000000100
0010000000000000000000000000000000000100
0010000000000000000000000000000000000100
0010000000000000000000000000000000001000
0010000000000000000000000000000000001000
0010000000000000000000000000000000001000
0011000000000000000000000000000000010000
0001000000000000000000000000000000010000
0000100000000000000000000000000000110000
0000110000000000000000000000000000100000
0000010000000000000000000000000000100000
0000011000000000000000000000000001000000
0000001100000000000000000000000011000000
0000000111000000000000000000001110000000
0000000001110000000000000000011000000000
0000000000001111000000000011110000000000
0000000000000000111111111110000000000000
0000000000000000000000000000000000000000
0000000000000000000000000000000000000000
0000000000000000000000000000000000000000
0000000000000000000000000000000000000000
% TEST FILE FOR vectorize, NOT FOR THE BOOK %
